3 0.4972521662712097 0.38733622431755066 0.3737688660621643 0.32840463519096375
5 0.7585252523422241 0.11657368391752243 0.10034923255443573 0.1065550148487091
5 0.23274044692516327 0.1088307723402977 0.10288311541080475 0.0893816277384758
6 0.6707760095596313 0.15046243369579315 0.02406911924481392 0.17081207036972046
1 0.19137999415397644 0.48738476634025574 0.06788939237594604 0.08112697303295135
6 0.3243507444858551 0.14545975625514984 0.024562692269682884 0.1596488654613495
1 0.8955246210098267 0.19963911175727844 0.06255578994750977 0.10712786018848419
1 0.20191451907157898 0.7211182713508606 0.023491155356168747 0.04268144071102142
8 0.40566468238830566 0.8497159481048584 0.0382143035531044 0.047217559069395065
1 0.20040535926818848 0.8086671233177185 0.019508372992277145 0.04558404162526131
