3 0.4870075285434723 0.38417136669158936 0.38008904457092285 0.3271907866001129
5 0.7534554600715637 0.11136090755462646 0.10133214294910431 0.10620983690023422
5 0.22635404765605927 0.11830978095531464 0.10244868695735931 0.1064969077706337
6 0.6640421152114868 0.1424941122531891 0.02473301813006401 0.15818847715854645
1 0.7971029281616211 0.5515908002853394 0.04281497001647949 0.05498024448752403
6 0.30975478887557983 0.14975039660930634 0.02198622189462185 0.1642790287733078
1 0.20568418502807617 0.779071033000946 0.042193055152893066 0.07825253903865814
4 0.1917644441127777 0.6401699781417847 0.026290535926818848 0.21725797653198242
7 0.43250757455825806 0.8966106176376343 0.02318754233419895 0.037173524498939514
8 0.5528430938720703 0.8075392246246338 0.03419899940490723 0.03151111677289009
