3 0.4974043369293213 0.3736060857772827 0.3732143044471741 0.3341759443283081
5 0.7611730694770813 0.08461574465036392 0.09565062820911407 0.07541723549365997
5 0.23585712909698486 0.09282159805297852 0.1046292632818222 0.08391644060611725
6 0.6676540374755859 0.13679488003253937 0.02683415450155735 0.16691485047340393
6 0.3237398564815521 0.13074961304664612 0.02510650083422661 0.1523512452840805
2 0.8314059972763062 0.7753692865371704 0.27600279450416565 0.39496663212776184
1 0.7388061285018921 0.5605502724647522 0.1653532087802887 0.18853184580802917
1 0.7198346853256226 0.8124913573265076 0.14362220466136932 0.31331780552864075
4 0.09897832572460175 0.505756676197052 0.13967463374137878 0.026650842279195786
4 0.2293604612350464 0.5564018487930298 0.1148509606719017 0.060391172766685486
