3 0.49213847517967224 0.37178459763526917 0.37597864866256714 0.33006805181503296
5 0.7547677755355835 0.1087828129529953 0.09950389713048935 0.09873340278863907
5 0.23506399989128113 0.11865823715925217 0.10836110264062881 0.10081253200769424
6 0.6638571619987488 0.1388818770647049 0.0269622802734375 0.14904789626598358
6 0.3199734687805176 0.13859513401985168 0.02637498453259468 0.13993924856185913
4 0.2442956417798996 0.5001894235610962 0.152521014213562 0.14010661840438843
1 0.8067463636398315 0.6088732481002808 0.03881721571087837 0.08198744803667068
4 0.0990656167268753 0.5398473143577576 0.13582941889762878 0.04300130158662796
8 0.5730338096618652 0.8859646916389465 0.05090022087097168 0.03367239609360695
8 0.5701781511306763 0.8271593451499939 0.033281851559877396 0.035161908715963364
