3 0.4875306487083435 0.38029852509498596 0.3793134093284607 0.3286058306694031
5 0.7556787729263306 0.11162544041872025 0.09919886291027069 0.1038680225610733
5 0.22797910869121552 0.11859089881181717 0.10376262664794922 0.10240961611270905
6 0.6649389863014221 0.143010675907135 0.026250839233398438 0.1526862531900406
6 0.31296616792678833 0.14580558240413666 0.02311399020254612 0.15398384630680084
4 0.237200066447258 0.5024912357330322 0.13577237725257874 0.13354390859603882
1 0.682885468006134 0.4292046129703522 0.07041621208190918 0.0605117492377758
4 0.09869766235351562 0.49567967653274536 0.14909693598747253 0.060588836669921875
1 0.667149543762207 0.33580195903778076 0.015299176797270775 0.02342640608549118
8 0.571663498878479 0.8407862186431885 0.050278615206480026 0.042858440428972244
