3 0.5061295628547668 0.3718107342720032 0.3787464499473572 0.31999942660331726
5 0.2530590295791626 0.11706435680389404 0.10469064861536026 0.10363440215587616
5 0.7760515809059143 0.12265359610319138 0.10231504589319229 0.09926506131887436
6 0.6793162226676941 0.14819376170635223 0.03214263916015625 0.14537963271141052
4 0.25726112723350525 0.5160673260688782 0.1288471221923828 0.13913726806640625
6 0.3343281149864197 0.1401323676109314 0.023343969136476517 0.14378388226032257
1 0.818265438079834 0.696368932723999 0.03757138177752495 0.058774184435606
1 0.8358882665634155 0.6011589169502258 0.026880264282226562 0.048757679760456085
4 0.12100914865732193 0.5204094052314758 0.1448199301958084 0.031044673174619675
1 0.7825984358787537 0.7419015169143677 0.024863053113222122 0.06284008175134659
